0,0.512910162024
1,0.152498328508
2,0.361713158886
3,0.80396976001
4,0.156181786651
5,0.791616373408
6,0.620247080831
7,0.79137509403
8,0.872162876382
9,0.705557933927
10,0.557660442506
11,0.922356338345
12,0.00142146411515
13,0.264653576815
14,0.393254720407
15,0.251921934001
16,0.701540815955
17,0.901002841964
18,0.541862107309
19,0.777675360773
20,0.268740358738
21,0.927823548137
22,0.526405136418
23,0.500665314471
24,0.481082994528
25,0.169227913644
26,0.0297161006441
27,0.398780497814
28,0.289198458602
29,0.0920679077771
30,0.946605303999
31,0.726774343055
32,0.62719471551
33,0.944619827731
34,0.00230435796599
35,0.569255920714
36,0.77001537396
37,0.226583148219
38,0.148014141534
39,0.975141530704
40,0.403235567458
41,0.452366803925
42,0.907690111905
43,0.776752807401
44,0.679996753369
45,0.57077030782
46,0.232664008334
47,0.0524928431456
48,0.167708226036
49,0.800972549221
50,0.487469172989
51,0.0741783102412
52,0.931412303871
53,0.172266883847
54,0.229207337813
55,0.49031228289
56,0.739512219993
57,0.0208384788042
58,0.514592202234
59,0.477782264239
60,0.396847299845
61,0.724646758917
62,0.710843143633
63,0.699979264654
64,0.255879568787
65,0.541158568778
66,0.951697838736
67,0.210785556552
68,0.493767914234
69,0.239692948243
70,0.844280813822
71,0.421218048885
72,0.640008197855
73,0.166776261703
74,0.170016938725
75,0.912577953999
76,0.0857738258237
77,0.227834142456
78,0.95563678793
79,0.494967217585
80,0.921802138288
81,0.248158284619
82,0.847104717186
83,0.0891974521497
84,0.690828853147
85,0.282834633578
86,0.147238908103
87,0.403659744978
88,0.917751408465
89,0.757799281589
90,0.0674128717828
91,0.746664069059
92,0.60238482495
93,0.785828413256
94,0.889927766286
95,0.0517458099768
96,0.731068128045
97,0.540737887315
98,0.764872213047
99,0.195927082864
100,0.275943903175
101,0.855966650145
102,0.933277306189
103,0.967824157441
104,0.489023749491
105,0.0507451626902
106,0.819164980696
107,0.901625151802
108,0.8924078993
109,0.915591488473
110,0.622493549682
111,0.646763998175
112,0.842238597419
113,0.0675524333152
114,0.345370490693
115,0.814962658754
116,0.414147866081
117,0.419474907534
118,0.913792158968
119,0.14973851176
120,0.0140146542598
121,0.0344860099317
122,0.160876651485
123,0.699449294448
124,0.401017022838
125,0.803530570825
126,0.570957601051
127,0.762069953844
128,0.152110392758
129,0.041435251654
130,0.771380185257
131,0.0709187661669
132,0.942777083739
133,0.940850993831
134,0.63668601392
135,0.726545256439
136,0.387477229235
137,0.400559440823
138,0.723022866715
139,0.254432866886
140,0.580521935116
141,0.732770497156
142,0.605546421438
143,0.150499190378
144,0.60496934865
145,0.132622363989
146,0.50943425071
147,0.647894117111
148,0.0496111929276
149,0.124122312212
150,0.197768965636
151,0.372477684408
152,0.182899814918
153,0.0420971191953
154,0.748293814027
155,0.656058427829
156,0.788715343776
157,0.668606019157
158,0.447928783669
159,0.101751105242
160,0.324073510095
161,0.640811557918
162,0.926652033273
163,0.837880287577
164,0.107438063427
165,0.0484072087159
166,0.262158952265
167,0.181567784583
168,0.518075517842
169,0.667864693059
170,0.357562537986
171,0.549316460218
172,0.481165184803
173,0.981429229979
174,0.151347758117
175,0.75031810173
176,0.521175096146
177,0.471696972624
178,0.773116126291
179,0.523252735622
180,0.242792366643
181,0.931710974399
182,0.904843594864
183,0.909342666473
184,0.0537481218151
185,0.621010205847
186,0.3177268039
187,0.39507373613
188,0.192916277789
189,0.237787190592
190,0.761745472261
191,0.323280010037
192,0.632261472207
193,0.562333829984
194,0.581580917836
195,0.421747904012
196,0.283032452176
197,0.742996329318
198,0.292719884605
199,0.16313695374
200,0.354168681165
201,0.251348362483
202,0.569338710965
203,0.819169376011
204,0.749853735636
205,0.589975299341
206,0.835708396648
207,0.731687627264
208,0.391561627525
209,0.951086513036
210,0.859552030942
211,0.836419806355
212,0.129227577958
213,0.385259937871
214,0.704920921557
215,0.100096934657
216,0.263790691524
217,0.719301379966
218,0.11590466978
219,0.496856854516
220,0.0302927884354
221,0.384409036027
222,0.556724549681
223,0.36159955837
224,0.872991720053
225,0.463963611921
226,0.682487668454
227,0.898004636018
228,0.453034331965
229,0.826034382184
230,0.338099582163
231,0.017150888417
232,0.820369056794
233,0.438510177123
234,0.648799425897
235,0.998327166927
236,0.0855096950866
237,0.0951952993916
238,0.348034090072
239,0.532472521211
240,0.986275605055
241,0.693776809795
242,0.423845583985
243,0.110712813887
244,0.422477129125
245,0.0902780873198
246,0.213578349559
247,0.91275533322
248,0.0601896503587
249,0.299003232298
250,0.892162233029
251,0.649742606357
252,0.693605857657
253,0.344207607223
254,0.251697013069
255,0.386021476694
256,0.0397538375837
257,0.428712296135
258,0.400295075018
259,0.916104009226
260,0.275096628608
261,0.0506202487732
262,0.433905885432
263,0.590199518339
264,0.636703322955
265,0.821624213738
266,0.161480681855
267,0.987743215117
268,0.81027102203
269,0.163017001188
270,0.447910154624
271,0.478010533298
272,0.723969421488
273,0.243980560928
274,0.383882713205
275,0.071118665872
276,0.708679910126
277,0.774565760862
278,0.111596353561
279,0.385046807749
280,0.728609555233
281,0.865530051552
282,0.770145089524
283,0.333952812517
284,0.289949453961
285,0.876392568253
286,0.943912912404
287,0.55132217505
288,0.328669801605
289,0.679301357389
290,0.00970973973705
291,0.340002856303
292,0.385877274743
293,0.337415392518
294,0.108105583343
295,0.0321508842036
296,0.830985099865
297,0.690197274601
298,0.502948413483
299,0.0947761715403
300,0.353978629772
301,0.244108605159
302,0.813492036114
303,0.170577605601
304,0.506107359139
305,0.756538739078
306,0.669666263518
307,0.686563143724
308,0.862994423619
309,0.347191263807
310,0.225464211419
311,0.0795096242393
312,0.00897916333603
313,0.573612227209
314,0.649468975123
315,0.811183211484
316,0.162853567952
317,0.87266329655
318,0.19756644
319,0.196616396279
320,0.958633762388
321,0.382077728062
322,0.546887309413
323,0.65433804695
324,0.892625741133
325,0.310836240344
326,0.846870425342
327,0.861162950851
328,0.0306340137521
329,0.125679844586
330,0.884938482678
331,0.88418921159
332,0.119463793993
333,0.243138824406
334,0.644101628526
335,0.459212252193
336,0.239647601388
337,0.739800083875
338,0.784050587647
339,0.0829759863622
340,0.855638996851
341,0.474365925457
342,0.527644743908
343,0.385334750532
344,0.647149114282
345,0.261029155952
346,0.878437927873
347,0.543099719089
348,0.72943926916
349,0.341959336476
350,0.180560803015
351,0.389418378856
352,0.0673328612099
353,0.506182930738
354,0.685222068
355,0.548804706775
356,0.117940406128
357,0.0037152279461
358,0.419612503575
359,0.663516276563
360,0.670647937734
361,0.75403639604
362,0.0729520292412
363,0.673007468435
364,0.991318728472
365,0.533950352639
366,0.819276928373
367,0.920115009931
368,0.036223269104
369,0.311592022929
370,0.446739583821
371,0.53382110252
372,0.62288817345
373,0.176085875197
374,0.678176364014
375,0.341472554636
376,0.690586765281
377,0.376924497486
378,0.531478399953
379,0.440254419366
380,0.868662657801
381,0.602047846186
382,0.0767457519984
383,0.597197736676
384,0.622907638363
385,0.79217766318
386,0.401161059135
387,0.621973440006
388,0.261655618933
389,0.753207920039
390,0.460499469128
391,0.877264824309
392,0.277516292114
393,0.835628673565
394,0.850308808666
395,0.793099337591
396,0.998558456161
397,0.596449566621
398,0.517070182452
399,0.620655138726
400,0.574872834201
401,0.633038790321
402,0.322279793556
403,0.781404944325
404,0.690294317233
405,0.547174324922
406,0.364203926927
407,0.997608048658
408,0.526470691913
409,0.623497143747
410,0.886176591474
411,0.305896506111
412,0.545713510286
413,0.755767956623
414,0.792809396343
415,0.487099002485
416,0.229575600701
417,0.538404803927
418,0.471971919977
419,0.0317966868091
420,0.679942917998
421,0.428692602949
422,0.0348188120082
423,0.598388471576
424,0.463313819617
425,0.868368788467
426,0.565058764258
427,0.656158825449
428,0.502369712314
429,0.52565440401
430,0.385553843596
431,0.256988940289
432,0.127591484945
433,0.60335216353
434,0.926183982986
435,0.158369664596
436,0.524645443451
437,0.57559410835
438,0.154878309069
439,0.144373314458
440,0.628992201447
441,0.730055325782
442,0.265535016636
443,0.936904814029
444,0.722501635807
445,0.272755498402
446,0.966521099669
447,0.948328655939
448,0.962861463624
449,0.39646917756
450,0.840171922452
451,0.0977790883585
452,0.06246167548
453,0.701045826905
454,0.305050166741
455,0.888484040059
456,0.799114536965
457,0.981175414968
458,0.343912900936
459,0.917406818735
460,0.460061744546
461,0.652580983779
462,0.272568687509
463,0.466491791702
464,0.306190835628
465,0.357722752444
466,0.476917340041
467,0.469693268517
468,0.0650369567824
469,0.435361078494
470,0.845354780332
471,0.927196693065
472,0.534688853804
473,0.389227108351
474,0.401075409623
475,0.0770660077236
476,0.368290873424
477,0.950142534646
478,0.444467715501
479,0.762506987112
480,0.148094760284
481,0.799618558523
482,0.97852992059
483,0.551299341797
484,0.437399297967
485,0.0525038592644
486,0.428453634983
487,0.888490683881
488,0.64719944666
489,0.778039892978
490,0.948673003983
491,0.783131836613
492,0.0677976388088
493,0.511740349356
494,0.834608589788
495,0.970216017681
496,0.980978075786
497,0.176991693347
498,0.332088567251
499,0.729813040953
500,0.151965036411
501,0.926442374837
502,0.41689601282
503,0.308844046616
504,0.867372250222
505,0.369135092763
506,0.543197658601
507,0.701377399916
508,0.711911874475
509,0.00284668061605
510,0.230066258494
511,0.0159112506014
512,0.367588397136
513,0.871234119606
514,0.972428403669
515,0.232621244812
516,0.921762953268
517,0.842011626765
518,0.547331006168
519,0.209182773342
520,0.700123026248
521,0.129109147849
522,0.354265452861
523,0.476016317682
524,0.997809990738
525,0.512122349393
526,0.785782336466
527,0.924085224447
528,0.963981392213
529,0.235676066626
530,0.10810474426
531,0.685942400872
532,0.178837899973
533,0.224972334285
534,0.958879437616
535,0.755372520918
536,0.971680977209
537,0.620399493742
538,0.0470875419923
539,0.358335178527
540,0.816979911305
541,0.361562334772
542,0.360259962784
543,0.143436042558
544,0.573134471764
545,0.117044737596
546,0.537015228107
547,0.355598449151
548,0.658821046332
549,0.383951682079
550,0.0310917877164
551,0.0283731538157
552,0.799077251982
553,0.581638694812
554,0.235341969369
555,0.0303527678237
556,0.953653997844
557,0.315582768383
558,0.740918921555
559,0.894148813368
560,0.306074558441
561,0.926255254124
562,0.0531300037053
563,0.740386734456
564,0.292484410235
565,0.116180647758
566,0.350090169489
567,0.511322018662
568,0.558074612497
569,0.749340782404
570,0.168019831976
571,0.559117416846
572,0.145149611746
573,0.518689308142
574,0.0748469517877
575,0.390094709516
576,0.842280394831
577,0.661171029217
578,0.685657378498
579,0.81965053546
580,0.1660561679
581,0.774171055377
582,0.22653501076
583,0.269145792404
584,0.820314040466
585,0.31581359969
586,0.174582227633
587,0.44210349253
588,0.694443230294
589,0.610953314692
590,0.371691516543
591,0.648447932795
592,0.421275278708
593,0.874795621204
594,0.315732531554
595,0.928329485835
596,0.854698435472
597,0.0223058376001
598,0.819983148277
599,0.817004116967
600,0.534127660068
601,0.46422776956
602,0.674098103519
603,0.123359264027
604,0.869975151879
605,0.443027978687
606,0.83952002557
607,0.272177749511
608,0.883346404079
609,0.798147292117
610,0.451825870846
611,0.545913774319
612,0.487268006562
613,0.586275392262
614,0.0680004184142
615,0.15886492514
616,0.992221860733
617,0.69381937981
618,0.180670177042
619,0.0121747155877
620,0.432087474776
621,0.225751590925
622,0.285516882657
623,0.450941615154
624,0.388539054005
625,0.948703281841
626,0.423034788981
627,0.167192331654
628,0.519619311724
629,0.438061602662
630,0.273742585609
631,0.995779063109
632,0.648297078009
633,0.923784886471
634,0.891118704094
635,0.782032976722
636,0.019045018218
637,0.0849702355883
638,0.0726486071303
639,0.867366541296
640,0.482703399015
641,0.955242298097
642,0.744466072961
643,0.407327880565
644,0.470724865782
645,0.690000136691
646,0.736504639801
647,0.592188547592
648,0.647373521076
649,0.048850242547
650,0.449791205179
651,0.320560828163
652,0.307821825393
653,0.861004778499
654,0.333588603059
655,0.652872857487
656,0.0285157097145
657,0.889562549431
658,0.478827678721
659,0.716843312902
660,0.218947713769
661,0.778731563819
662,0.786959800142
663,0.253673592924
664,0.867056394099
665,0.343868534024
666,0.7033930278
667,0.5444777152
668,0.722178428701
669,0.251585762553
670,0.833021973049
671,0.649882885989
672,0.98790362721
673,0.0333770312914
674,0.969107067245
675,0.70809745563
676,0.516708961833
677,0.207137548731
678,0.821342418202
679,0.455472434628
680,0.632298493825
681,0.0960743969031
682,0.197993326441
683,0.418186208713
684,0.333212552131
685,0.507835335041
686,0.321269097327
687,0.36404187548
688,0.990581842476
689,0.144884068709
690,0.734610289223
691,0.725530354175
692,0.619646337123
693,0.0220853185685
694,0.356150460638
695,0.899208646449
696,0.394339288712
697,0.133346676608
698,0.992282048294
699,0.724259279676
700,0.778122287429
701,0.865924004494
702,0.645537373864
703,0.543933458952
704,0.854427588674
705,0.516642071462
706,0.849621100637
707,0.49765816886
708,0.368051181251
709,0.889372062486
710,0.209512499296
711,0.188354500827
712,0.471624971375
713,0.940290491086
714,0.830206385974
715,0.348923881276
716,0.118918027998
717,0.970043016512
718,0.564683096987
719,0.668214455391
720,0.0549771875126
721,0.89228211156
722,0.94396218111
723,0.236950901101
724,0.965245740792
725,0.361050178254
